 , 
 , 0 , 1417379645838 , 663.3965 , 611.0904
them , h , 199 , 1417379645908 , 653.1236 , 628.6251
 , 
 , 222 , 1417379645944 , 651.5881 , 623.6498
 , 
 , 222 , 1417379645980 , 602.9532 , 593.0632
end ,   , 197 , 1417379645873 , 0.0 , 0.0
 , 
 , 0 , 1417379646028 , 567.181 , 568.545
end , d , 196 , 1417379646168 , 381.2888 , 433.7043
 , 
 , 132 , 1417379646204 , 400.1818 , 424.039
 , 
 , 132 , 1417379646239 , 423.198 , 413.9449
 , 
 , 132 , 1417379646275 , 437.1944 , 410.42
 , 
 , 132 , 1417379646323 , 442.8676 , 405.9087
 , 
 , 132 , 1417379646359 , 428.2136 , 403.9972
 , 
 , 132 , 1417379646398 , 413.5559 , 405.7929
 , 
 , 132 , 1417379646423 , 414.2137 , 400.1055
 , 
 , 132 , 1417379646468 , 404.1951 , 402.2237
 , 
 , 132 , 1417379646504 , 401.7506 , 398.8153
 , 
 , 132 , 1417379646543 , 403.8545 , 393.6275
 , 
 , 132 , 1417379646578 , 407.0791 , 391.2097
 , 
 , 132 , 1417379646613 , 223.9212 , 212.4808
Whether , r , 50 , 1417379646651 , 260.0798 , 234.4084
 , ' , 52 , 1417379646689 , 270.9505 , 233.9727
tis , t , 53 , 1417379646728 , 265.0174 , 226.6534
 , ' , 52 , 1417379646765 , 267.3834 , 227.2945
 , ' , 52 , 1417379646800 , 247.3349 , 195.8992
Whether ,   , 51 , 1417379646837 , 232.0048 , 178.9727
 , 
 , 43 , 1417379646873 , 219.292 , 167.4835
 , 
 , 43 , 1417379646910 , 218.5969 , 160.7483
 , 
 , 43 , 1417379646945 , 216.7863 , 154.4521
 , 
 , 43 , 1417379646980 , 212.5569 , 148.1212
 , 
 , 43 , 1417379647016 , 212.5543 , 145.5187
 , 
 , 43 , 1417379647051 , 398.2238 , 208.3064
Nobler , o , 58 , 1417379647096 , 320.0085 , 268.7108
 , 
 , 86 , 1417379647131 , 325.0698 , 238.5562
tis , s , 55 , 1417379647166 , 327.8204 , 247.5047
tis , s , 55 , 1417379647202 , 330.6101 , 241.1466
tis , s , 55 , 1417379647238 , 340.2085 , 242.2974
tis ,   , 56 , 1417379647274 , 342.6552 , 234.7566
tis ,   , 56 , 1417379647309 , 344.2046 , 225.8589
tis ,   , 56 , 1417379647354 , 341.6117 , 223.5941
tis ,   , 56 , 1417379647390 , 344.6275 , 221.8593
tis ,   , 56 , 1417379647426 , 345.961 , 220.7374
tis ,   , 56 , 1417379647461 , 347.229 , 219.7528
tis ,   , 56 , 1417379647497 , 556.1691 , 179.7821
 , 
 , 43 , 1417379647544 , 542.8508 , 198.4571
Nobler ,   , 63 , 1417379647569 , 546.3164 , 207.6405
Nobler ,   , 63 , 1417379647615 , 542.6973 , 206.7454
Nobler ,   , 63 , 1417379647650 , 542.494 , 208.5528
Nobler ,   , 63 , 1417379647685 , 541.1906 , 210.1524
Nobler ,   , 63 , 1417379647721 , 540.6323 , 212.5961
Nobler ,   , 63 , 1417379647757 , 540.5027 , 210.9374
Nobler ,   , 63 , 1417379647791 , 539.8528 , 215.9476
Nobler ,   , 63 , 1417379647837 , 549.6951 , 221.2352
Nobler ,   , 63 , 1417379647872 , 561.0057 , 222.7619
in , i , 64 , 1417379647906 , 570.2781 , 227.5015
in , i , 64 , 1417379647942 , 575.6594 , 232.9539
in , n , 65 , 1417379647978 , 582.2355 , 232.3811
in , n , 65 , 1417379648014 , 587.9003 , 237.2341
in , n , 65 , 1417379648059 , 592.5881 , 242.5589
in , n , 65 , 1417379648095 , 596.3557 , 245.3915
in , n , 65 , 1417379648130 , 598.7327 , 247.7023
in , n , 65 , 1417379648165 , 601.8132 , 249.1801
 , 
 , 86 , 1417379648201 , 699.6794 , 596.5915
them , e , 200 , 1417379648237 , 833.5773 , 1318.9387
what , a , 481 , 1417379648272 , 818.9782 , 1402.5674
 , 
 , 501 , 1417379648318 , 819.9455 , 1409.9263
 , 
 , 501 , 1417379648354 , 817.7613 , 1413.8419
 , 
 , 501 , 1417379648389 , 807.8395 , 1456.8302
this , h , 529 , 1417379648424 , 808.9429 , 1447.3041
this , i , 530 , 1417379648459 , 848.2844 , 1419.8195
 , 
 , 501 , 1417379648496 , 930.064 , 1313.5857
dreams , r , 485 , 1417379648531 , 956.8961 , 1273.4915
 , 
 , 450 , 1417379648577 , 963.6476 , 1253.4611
 , 
 , 450 , 1417379648612 , 976.9128 , 1237.1615
Aye , , , 431 , 1417379648648 , 1028.5009 , 1108.8212
sleep , e , 393 , 1417379648682 , 1028.2307 , 1128.9482
 , 
 , 397 , 1417379648719 , 1016.7712 , 1153.0376
 , 
 , 397 , 1417379648754 , 1016.4045 , 1156.2223
 , 
 , 397 , 1417379648800 , 1014.4193 , 1159.7317
 , 
 , 397 , 1417379648835 , 1004.4952 , 1187.3021
there , t , 433 , 1417379648871 , 1010.3281 , 1178.0806
there , t , 433 , 1417379648907 , 1012.9033 , 1174.4174
 , 
 , 397 , 1417379648940 , 1563.897 , 964.0485
consummation , 
 , 354 , 1417379648978 , 1729.035 , 961.2176
consummation , 
 , 354 , 1417379649013 , 1724.2776 , 968.8075
consummation , 
 , 354 , 1417379649050 , 1721.207 , 970.9492
consummation , 
 , 354 , 1417379649094 , 1726.4701 , 983.7302
consummation , 
 , 354 , 1417379649129 , 1729.3167 , 977.6918
consummation , 
 , 354 , 1417379649164 , 1729.1908 , 970.5917
consummation , 
 , 354 , 1417379649209 , 1730.118 , 1005.5564
 , 
 , 355 , 1417379649244 , 1656.5348 , 1034.3087
 , 
 , 355 , 1417379649280 , 1652.6414 , 1013.8789
 , 
 , 355 , 1417379649315 , 1648.9719 , 1024.8545
 , 
 , 355 , 1417379649350 , 1633.7993 , 1023.6215
 , 
 , 355 , 1417379649386 , 1640.5221 , 1023.3727
 , 
 , 355 , 1417379649432 , 1646.8964 , 1024.3267
 , 
 , 355 , 1417379649572 , 1649.9703 , 1024.0499
 , 
 , 355 , 1417379649608 , 1658.3073 , 1021.026
 , 
 , 355 , 1417379649642 , 1657.7959 , 1016.565
 , 
 , 355 , 1417379649686 , 1655.546 , 1019.5881
 , 
 , 355 , 1417379649721 , 1659.4785 , 1018.8125
 , 
 , 355 , 1417379649756 , 1661.6426 , 1019.6597
 , 
 , 355 , 1417379649791 , 1664.6747 , 1023.6042
 , 
 , 355 , 1417379649828 , 1668.6428 , 1025.1063
 , 
 , 355 , 1417379649863 , 1676.694 , 1025.0739
 , 
 , 355 , 1417379649909 , 1682.2002 , 1026.0941
 , 
 , 355 , 1417379649944 , 1685.3463 , 1027.7285
 , 
 , 355 , 1417379649980 , 1691.2817 , 1030.1962
 , 
 , 355 , 1417379650015 , 1692.9377 , 1032.8203
 , 
 , 355 , 1417379650049 , 1700.9165 , 1032.9282
 , 
 , 355 , 1417379650095 , 1701.608 , 1036.4719
 , 
 , 355 , 1417379650131 , 1708.0244 , 1036.1266
 , 
 , 355 , 1417379650165 , 1708.2963 , 1033.7552
 , 
 , 355 , 1417379650201 , 1711.4264 , 1038.4379
 , 
 , 355 , 1417379650236 , 1713.9803 , 1041.428
 , 
 , 355 , 1417379650272 , 1713.2249 , 1042.6121
 , 
 , 355 , 1417379650307 , 1711.2396 , 1043.6091
 , 
 , 355 , 1417379650353 , 1712.8906 , 1042.9907
 , 
 , 355 , 1417379650387 , 1711.2701 , 1042.73
 , 
 , 355 , 1417379650423 , 1712.308 , 1043.3046
 , 
 , 355 , 1417379650457 , 1710.8757 , 1043.7495
 , 
 , 355 , 1417379650492 , 1712.1825 , 1044.9343
 , 
 , 355 , 1417379650537 , 1710.6211 , 1043.3927
 , 
 , 355 , 1417379650572 , 1714.6627 , 1042.2207
 , 
 , 355 , 1417379650606 , 1714.1316 , 1039.3704
 , 
 , 355 , 1417379650640 , 1462.5316 , 1031.1741
 , 
 , 355 , 1417379650685 , 1489.5449 , 997.6974
 , 
 , 355 , 1417379650720 , 1480.5839 , 984.367
consummation , 
 , 354 , 1417379650756 , 1480.7865 , 1000.8846
 , 
 , 355 , 1417379650793 , 1468.7361 , 989.1232
consummation , 
 , 354 , 1417379650827 , 1458.0216 , 998.4647
 , 
 , 355 , 1417379651012 , 1450.7611 , 1004.7932
 , 
 , 355 , 1417379651060 , 1030.0399 , 879.2288
 , 
 , 311 , 1417379651085 , 989.0234 , 927.8477
 , 
 , 311 , 1417379651132 , 996.3428 , 921.8918
 , 
 , 311 , 1417379651167 , 1004.8091 , 901.4897
 , 
 , 311 , 1417379651214 , 1010.6674 , 892.7953
 , 
 , 311 , 1417379651238 , 1008.5123 , 890.8361
 , 
 , 311 , 1417379651273 , 998.6932 , 417.7703
 , 
 , 132 , 1417379651310 , 959.5934 , 478.1693
troubles , r , 167 , 1417379651345 , 979.4927 , 464.1596
troubles , o , 168 , 1417379651392 , 991.7685 , 448.8351
troubles , o , 168 , 1417379651428 , 988.929 , 450.5977
troubles , o , 168 , 1417379651465 , 985.9568 , 455.5824
troubles , o , 168 , 1417379651501 , 987.7302 , 456.8355
troubles , o , 168 , 1417379651543 , 986.9257 , 459.4428
troubles , o , 168 , 1417379651568 , 856.0786 , 680.8608
 , 
 , 222 , 1417379651649 , 0.0 , 0.0
 , 
 , 0 , 1417379651686 , 941.2898 , 479.9354
troubles , r , 167 , 1417379651722 , 930.693 , 511.5368
 , 
 , 176 , 1417379651757 , 927.0255 , 519.703
 , 
 , 176 , 1417379651792 , 847.2625 , 562.8788
To , o , 205 , 1417379651827 , 772.6272 , 559.3331
them , ? , 202 , 1417379651872 , 500.6275 , 541.671
 , 
 , 176 , 1417379651907 , 425.3769 , 524.7128
 , 
 , 176 , 1417379651941 , 442.0424 , 518.866
 , 
 , 176 , 1417379651978 , 447.2977 , 524.7211
 , 
 , 176 , 1417379652014 , 447.1293 , 526.1352
 , 
 , 176 , 1417379652048 , 444.9937 , 526.0531
 , 
 , 176 , 1417379652093 , 442.4719 , 531.0551
 , 
 , 176 , 1417379652128 , 436.1179 , 542.4355
 , 
 , 176 , 1417379652162 , 434.0029 , 539.6573
 , 
 , 176 , 1417379652198 , 434.0823 , 541.9598
 , 
 , 176 , 1417379652234 , 438.6263 , 555.4692
 , 
 , 176 , 1417379652279 , 444.127 , 554.8014
 , 
 , 176 , 1417379652314 , 450.6176 , 560.9656
opposing , g , 191 , 1417379652349 , 456.7588 , 568.5478
opposing , , , 192 , 1417379652385 , 464.6832 , 576.3951
opposing , , , 192 , 1417379652420 , 469.456 , 582.0005
opposing , , , 192 , 1417379652454 , 473.5838 , 582.2023
opposing , , , 192 , 1417379652500 , 471.4445 , 956.1496
heir , r , 331 , 1417379652536 , 454.1501 , 938.6763
heir , r , 331 , 1417379652572 , 440.1586 , 923.915
 , 
 , 313 , 1417379652608 , 440.2415 , 923.6698
 , 
 , 313 , 1417379652642 , 459.308 , 913.8126
 , 
 , 313 , 1417379652676 , 464.8253 , 920.9547
 , 
 , 313 , 1417379652721 , 465.3594 , 918.0465
 , 
 , 313 , 1417379652756 , 471.298 , 907.4814
 , 
 , 313 , 1417379652790 , 473.9785 , 903.2577
 , 
 , 313 , 1417379652825 , 473.7845 , 899.0759
 , 
 , 313 , 1417379652869 , 477.912 , 898.8751
 , 
 , 313 , 1417379652904 , 475.0554 , 902.8677
 , 
 , 313 , 1417379652939 , 475.9131 , 901.6949
 , 
 , 313 , 1417379652974 , 474.5176 , 901.1069
 , 
 , 313 , 1417379653018 , 475.655 , 899.9995
 , 
 , 313 , 1417379653052 , 470.7716 , 904.176
 , 
 , 313 , 1417379653087 , 467.7355 , 907.6069
 , 
 , 313 , 1417379653122 , 463.9394 , 903.4184
 , 
 , 313 , 1417379653156 , 463.452 , 906.1782
 , 
 , 313 , 1417379653202 , 468.7297 , 1111.3782
wished , i , 374 , 1417379653236 , 406.0807 , 1156.0255
 , 
 , 399 , 1417379653272 , 415.0737 , 1156.3121
 , 
 , 399 , 1417379653309 , 426.0118 , 1140.3405
 , 
 , 399 , 1417379653344 , 434.4279 , 1129.0839
 , 
 , 399 , 1417379653379 , 436.6753 , 1117.2686
 , 
 , 399 , 1417379653424 , 429.599 , 1113.0519
wished , w , 373 , 1417379653459 , 429.3417 , 1108.0356
wished , w , 373 , 1417379653496 , 430.5452 , 1102.1665
wished , w , 373 , 1417379653531 , 0.0 , 0.0
 , 
 , 0 , 1417379653566 , 560.0855 , 638.2513
 , 
 , 224 , 1417379653601 , 567.5583 , 596.7782
end , d , 196 , 1417379653646 , 566.0624 , 605.9456
end , d , 196 , 1417379653681 , 574.842 , 591.0472
end , d , 196 , 1417379653716 , 583.9942 , 587.8166
end , d , 196 , 1417379653751 , 589.6165 , 580.5497
end , d , 196 , 1417379653785 , 633.7301 , 74.9514
is , i , 26 , 1417379653832 , 590.0315 , 154.4568
 , 
 , 43 , 1417379653869 , 589.2686 , 138.0411
 , 
 , 43 , 1417379653903 , 588.218 , 139.585
 , 
 , 43 , 1417379653938 , 583.8226 , 139.4462
 , 
 , 43 , 1417379653972 , 588.6171 , 132.228
 , 
 , 43 , 1417379654018 , 585.5854 , 132.041
 , 
 , 43 , 1417379654052 , 588.4026 , 130.3052
 , 
 , 43 , 1417379654088 , 582.1451 , 131.9444
 , 
 , 43 , 1417379654123 , 579.2316 , 131.8627
 , 
 , 43 , 1417379654159 , 578.8908 , 133.5757
 , 
 , 43 , 1417379654194 , 578.5281 , 132.8944
 , 
 , 43 , 1417379654238 , 576.8718 , 131.489
 , 
 , 43 , 1417379654273 , 575.7716 , 135.1601
 , 
 , 43 , 1417379654307 , 577.2735 , 134.9151
 , 
 , 43 , 1417379654343 , 576.6874 , 137.1779
 , 
 , 43 , 1417379654378 , 577.8019 , 136.7507
 , 
 , 43 , 1417379654424 , 576.7994 , 138.15
 , 
 , 43 , 1417379654461 , 580.0485 , 137.4332
 , 
 , 43 , 1417379654496 , 355.8592 , 131.6436
 , 
 , 43 , 1417379654531 , 206.9962 , 126.4479
 , 
 , 43 , 1417379654567 , 219.287 , 110.5489
or , r , 10 , 1417379654602 , 219.8371 , 117.029
or , r , 10 , 1417379654647 , 212.216 , 116.0746
or , r , 10 , 1417379654789 , 208.109 , 119.7441
or , r , 10 , 1417379654823 , 214.319 , 114.7506
or , r , 10 , 1417379654870 , 220.142 , 114.3926
or , r , 10 , 1417379654905 , 234.13 , 115.4127
or , r , 10 , 1417379654940 , 245.3832 , 118.0648
or ,   , 11 , 1417379654976 , 259.4233 , 119.1021
not , n , 12 , 1417379655012 , 271.1316 , 120.4284
not , n , 12 , 1417379655047 , 280.0532 , 120.4605
not , n , 12 , 1417379655082 , 288.4733 , 122.096
not , o , 13 , 1417379655127 , 298.1278 , 122.6755
not , o , 13 , 1417379655163 , 302.6742 , 121.7012
not , o , 13 , 1417379655198 , 309.3834 , 121.5958
not , o , 13 , 1417379655232 , 309.6595 , 122.6199
not , o , 13 , 1417379655267 , 319.3048 , 125.9075
 , 
 , 43 , 1417379655313 , 329.2047 , 130.1515
 , 
 , 43 , 1417379655348 , 501.6695 , 146.78
 , 
 , 43 , 1417379655382 , 423.256 , 172.0949
 , 
 , 43 , 1417379655416 , 452.0096 , 157.7506
 , 
 , 43 , 1417379655463 , 449.8477 , 156.6327
 , 
 , 43 , 1417379655499 , 444.873 , 155.6855
 , 
 , 43 , 1417379655534 , 449.4161 , 155.7423
 , 
 , 43 , 1417379655569 , 474.9786 , 154.0891
 , 
 , 43 , 1417379655605 , 658.2576 , 143.4672
 , 
 , 43 , 1417379655640 , 660.013 , 143.0224
 , 
 , 43 , 1417379655675 , 667.9672 , 150.2074
 , 
 , 43 , 1417379655710 , 672.0695 , 138.4772
 , 
 , 43 , 1417379655756 , 668.6653 , 141.5689
 , 
 , 43 , 1417379655790 , 666.6519 , 147.9364
 , 
 , 43 , 1417379655825 , 661.6224 , 148.3759
 , 
 , 43 , 1417379655861 , 660.8149 , 146.9074
 , 
 , 43 , 1417379655905 , 658.9853 , 146.3982
 , 
 , 43 , 1417379655940 , 546.6939 , 739.6963
sleep , l , 244 , 1417379655976 , 468.2673 , 1075.6471
wished , i , 374 , 1417379656011 , 469.308 , 1031.2709
 , 
 , 357 , 1417379656048 , 458.0666 , 1038.2449
 , 
 , 357 , 1417379656083 , 443.7636 , 1059.1562
wished , w , 373 , 1417379656118 , 423.9635 , 1075.8903
wished , w , 373 , 1417379656164 , 424.8257 , 1054.4509
wished , w , 373 , 1417379656198 , 361.8105 , 1212.2397
perchance , c , 413 , 1417379656234 , 373.8762 , 1179.6766
perchance , c , 413 , 1417379656269 , 384.6953 , 1167.368
 , 
 , 399 , 1417379656313 , 382.8925 , 1180.3805
perchance , h , 414 , 1417379656348 , 400.0881 , 1181.6609
perchance , h , 414 , 1417379656383 , 410.6846 , 1164.6837
 , 
 , 399 , 1417379656419 , 415.1147 , 1176.2305
 , 
 , 399 , 1417379656454 , 417.8199 , 1178.9673
perchance , a , 415 , 1417379656498 , 423.6795 , 1168.9976
 , 
 , 399 , 1417379656534 , 422.838 , 1173.9547
 , 
 , 399 , 1417379656568 , 424.6877 , 1178.0576
perchance , a , 415 , 1417379656604 , 427.6975 , 1177.016
 , 
 , 399 , 1417379656642 , 430.4335 , 1169.2477
 , 
 , 399 , 1417379656678 , 430.3867 , 1165.3938
 , 
 , 399 , 1417379656712 , 434.6002 , 1164.6406
 , 
 , 399 , 1417379656747 , 434.5976 , 1167.2042
 , 
 , 399 , 1417379656792 , 435.7123 , 1168.1885
 , 
 , 399 , 1417379656826 , 435.9591 , 1164.6993
 , 
 , 399 , 1417379656861 , 434.2266 , 1167.5771
 , 
 , 399 , 1417379656896 , 431.0584 , 1169.026
 , 
 , 399 , 1417379656931 , 430.6179 , 1165.9888
 , 
 , 399 , 1417379656977 , 429.8722 , 1163.9375
 , 
 , 399 , 1417379657011 , 428.4041 , 1167.6027
 , 
 , 399 , 1417379657047 , 429.8416 , 1169.7605
 , 
 , 399 , 1417379657081 , 356.9282 , 543.2575
 , 
 , 176 , 1417379657126 , 391.4771 , 405.9568
 , 
 , 132 , 1417379657161 , 384.9583 , 376.0546
 , 
 , 132 , 1417379657197 , 401.0031 , 359.2855
and ,   , 101 , 1417379657267 , 342.0895 , 290.0923
 , 
 , 86 , 1417379657313 , 0.0 , 0.0
 , 
 , 0 , 1417379657351 , 385.5947 , 279.5812
 , 
 , 86 , 1417379657386 , 0.0 , 0.0
 , 
 , 0 , 1417379657601 , 0.0 , 0.0
 , 
 , 0 , 1417379657749 , 0.0 , 0.0
 , 
 , 0 , 1417379657784 , 0.0 , 0.0
 , 
 , 0 , 1417379657828 , 0.0 , 0.0
 , 
 , 0 , 1417379657863 , 0.0 , 0.0
 , 
 , 0 , 1417379658121 , 0.0 , 0.0
 , 
 , 0 , 1417379658155 , 0.0 , 0.0
 , 
 , 0 , 1417379658201 , 0.0 , 0.0
 , 
 , 0 , 1417379658237 , 0.0 , 0.0
 , 
 , 0 , 1417379658272 , 0.0 , 0.0
 , 
 , 0 , 1417379658307 , 0.0 , 0.0
 , 
 , 0 , 1417379658345 , 0.0 , 0.0
 , 
 , 0 , 1417379658380 , 0.0 , 0.0
 , 
 , 0 , 1417379658415 , 0.0 , 0.0
 , 
 , 0 , 1417379658450 , 0.0 , 0.0
 , 
 , 0 , 1417379658495 , 0.0 , 0.0
 , 
 , 0 , 1417379658531 , 0.0 , 0.0
 , 
 , 0 , 1417379658565 , 0.0 , 0.0
 , 
 , 0 , 1417379658714 , 0.0 , 0.0
 , 
 , 0 , 1417379658749 , 0.0 , 0.0
 , 
 , 0 , 1417379658793 , 0.0 , 0.0
 , 
 , 0 , 1417379658863 , 0.0 , 0.0
 , 
 , 0 , 1417379658898 , 0.0 , 0.0
 , 
 , 0 , 1417379658971 , 0.0 , 0.0
 , 
 , 0 , 1417379659050 , 0.0 , 0.0
 , 
 , 0 , 1417379659088 , 0.0 , 0.0
 , 
 , 0 , 1417379659156 , 0.0 , 0.0
 , 
 , 0 , 1417379659191 , 0.0 , 0.0
 , 
 , 0 , 1417379659307 , 0.0 , 0.0
 , 
 , 0 , 1417379659342 , 0.0 , 0.0
 , 
 , 0 , 1417379659412 , 0.0 , 0.0
 , 
 , 0 , 1417379659456 , 0.0 , 0.0
 , 
 , 0 , 1417379659527 , 0.0 , 0.0
 , 
 , 0 , 1417379659597 , 0.0 , 0.0
 , 
 , 0 , 1417379659642 , 0.0 , 0.0
 , 
 , 0 , 1417379659710 , 0.0 , 0.0
 , 
 , 0 , 1417379659745 , 0.0 , 0.0
opposing , o , 187 , 1417379659895 , 384.8466 , 663.6654
 , 
 , 0 , 1417379659825 , 309.7277 , 619.3415
 , 
 , 224 , 1417379659940 , 412.0702 , 666.4623
 , 
 , 224 , 1417379659976 , 417.9259 , 644.88
 , 
 , 224 , 1417379660013 , 403.1326 , 639.1737
 , 
 , 224 , 1417379660049 , 394.5584 , 631.4728
 , 
 , 224 , 1417379660084 , 391.7288 , 620.5912
 , 
 , 224 , 1417379660118 , 396.5166 , 607.7034
opposing , n , 190 , 1417379660154 , 402.4507 , 597.0081
opposing , n , 190 , 1417379660198 , 408.2249 , 589.0895
opposing , n , 190 , 1417379660233 , 422.9919 , 583.2256
opposing , g , 191 , 1417379660267 , 430.3702 , 583.2751
opposing , g , 191 , 1417379660302 , 436.222 , 582.6479
opposing , g , 191 , 1417379660346 , 233.0584 , 171.8375
 , 
 , 43 , 1417379660381 , 237.5531 , 305.403
 , 
 , 86 , 1417379660416 , 254.0623 , 279.8389
 , 
 , 86 , 1417379660452 , 274.4887 , 262.7154
 , 
 , 86 , 1417379660488 , 258.6204 , 253.577
 , 
 , 86 , 1417379660524 , 241.977 , 259.1913
 , 
 , 86 , 1417379660569 , 235.9645 , 261.4969
 , 
 , 86 , 1417379660602 , 226.6235 , 256.5354
 , 
 , 86 , 1417379660639 , 215.6627 , 256.4047
 , 
 , 86 , 1417379660673 , 217.033 , 255.1312
 , 
 , 86 , 1417379660709 , 225.6845 , 243.271
Whether , r , 50 , 1417379660753 , 422.9166 , 148.1538
 , 
 , 43 , 1417379660787 , 334.6538 , 155.9627
 , 
 , 43 , 1417379660822 , 376.617 , 145.8637
 , 
 , 43 , 1417379660857 , 374.3454 , 147.9054
 , 
 , 43 , 1417379660893 , 381.3795 , 149.5867
 , 
 , 43 , 1417379660937 , 379.1802 , 148.8224
 , 
 , 43 , 1417379660971 , 733.1894 , 140.6264
 , 
 , 43 , 1417379661006 , 727.8511 , 152.7741
 , 
 , 43 , 1417379661041 , 730.5892 , 139.5404
 , 
 , 43 , 1417379661087 , 728.716 , 137.7325
 , 
 , 43 , 1417379661120 , 729.0866 , 133.5242
 , 
 , 43 , 1417379661155 , 726.9506 , 134.9826
 , 
 , 43 , 1417379661190 , 727.848 , 135.87
 , 
 , 43 , 1417379661236 , 729.9072 , 137.5765
 , 
 , 43 , 1417379661271 , 1013.4048 , 76.3282
question , n , 40 , 1417379661308 , 1032.4834 , 89.6062
question , — , 41 , 1417379661345 , 1035.0236 , 99.1445
question , — , 41 , 1417379661380 , 1038.5278 , 95.7881
question , — , 41 , 1417379661415 , 1041.453 , 89.139
question , — , 41 , 1417379661450 , 1040.4916 , 91.6521
question , — , 41 , 1417379661486 , 1037.0804 , 93.0275
question , — , 41 , 1417379661520 , 1037.9357 , 85.9472
question , — , 41 , 1417379661566 , 1035.6284 , 85.3406
question , — , 41 , 1417379661601 , 1039.6434 , 71.0926
question , — , 41 , 1417379661637 , 1043.9109 , 57.877
 , 
 , 0 , 1417379661672 , 1048.2705 , 51.6777
 , 
 , 0 , 1417379661707 , 1052.2352 , 43.5687
 , 
 , 0 , 1417379661752 , 1055.0931 , 35.8486
 , 
 , 0 , 1417379661787 , 1046.3508 , 32.4109
 , 
 , 0 , 1417379661822 , 379.3603 , 159.7975
 , 
 , 43 , 1417379661858 , 394.725 , 150.9963
 , 
 , 43 , 1417379661893 , 385.0352 , 137.7387
 , 
 , 43 , 1417379661938 , 357.7863 , 150.8889
 , 
 , 43 , 1417379661972 , 353.1628 , 158.7367
 , 
 , 43 , 1417379662008 , 362.339 , 161.9453
 , 
 , 43 , 1417379662043 , 365.382 , 161.1896
 , 
 , 43 , 1417379662078 , 368.2947 , 162.4791
 , 
 , 43 , 1417379662113 , 382.0591 , 171.6601
 , 
 , 43 , 1417379662157 , 392.5497 , 174.589
 , 
 , 43 , 1417379662191 , 402.9191 , 179.4023
 , 
 , 43 , 1417379662226 , 410.0569 , 182.8573
 , 
 , 43 , 1417379662271 , 415.8889 , 183.0098
 , 
 , 43 , 1417379662307 , 424.9731 , 187.7404
Nobler , b , 59 , 1417379662341 , 601.5228 , 264.7137
 , 
 , 86 , 1417379662376 , 652.0267 , 248.4068
 , 
 , 86 , 1417379662411 , 643.0924 , 249.3732
 , 
 , 86 , 1417379662456 , 638.4183 , 255.4845
 , 
 , 86 , 1417379662491 , 637.376 , 259.6157
 , 
 , 86 , 1417379662525 , 634.2363 , 263.3976
 , 
 , 86 , 1417379662560 , 633.7829 , 264.4344
 , 
 , 86 , 1417379662595 , 632.4424 , 268.8365
 , 
 , 86 , 1417379662641 , 640.6075 , 267.7539
 , 
 , 86 , 1417379662676 , 651.6431 , 264.2567
 , 
 , 86 , 1417379662710 , 658.9362 , 261.8674
 , 
 , 86 , 1417379662745 , 666.2819 , 259.7528
 , 
 , 86 , 1417379662780 , 673.3212 , 256.1331
 , 
 , 86 , 1417379662824 , 679.8328 , 258.4275
 , 
 , 86 , 1417379662860 , 691.0237 , 254.6472
 , 
 , 86 , 1417379662895 , 1022.1659 , 189.0975
suffer , u , 80 , 1417379662930 , 1030.7961 , 182.3307
 , 
 , 43 , 1417379662976 , 1024.3796 , 161.3495
 , 
 , 43 , 1417379663012 , 1028.6177 , 174.7314
 , 
 , 43 , 1417379663047 , 1015.6022 , 185.3313
 , 
 , 43 , 1417379663082 , 1009.9866 , 187.7029
suffer , u , 80 , 1417379663116 , 1011.3668 , 188.2979
suffer , u , 80 , 1417379663151 , 1010.1276 , 186.986
suffer , u , 80 , 1417379663196 , 1006.1249 , 191.3666
suffer , u , 80 , 1417379663231 , 1006.2625 , 192.014
suffer , u , 80 , 1417379663266 , 1020.2814 , 193.4162
suffer , u , 80 , 1417379663301 , 1031.5013 , 191.3938
suffer , f , 81 , 1417379663336 , 1043.6807 , 188.2348
suffer , f , 81 , 1417379663382 , 1052.2803 , 187.6161
suffer , f , 81 , 1417379663417 , 1059.0353 , 185.4619
 , 
 , 43 , 1417379663452 , 1062.5106 , 184.1984
 , 
 , 43 , 1417379663487 , 526.5372 , 312.7263
Arrows , o , 105 , 1417379663522 , 507.5563 , 319.2616
Arrows , o , 105 , 1417379663557 , 506.5498 , 342.5753
Arrows , o , 105 , 1417379663602 , 510.2418 , 343.6456
Arrows , o , 105 , 1417379663637 , 505.8145 , 338.966
Arrows , r , 104 , 1417379663673 , 432.3315 , 309.0672
 , 
 , 86 , 1417379663707 , 75.1987 , 226.7409
Whether , e , 46 , 1417379663752 , -45.8697 , 169.4549
 , 
 , 43 , 1417379663787 , -25.2383 , 177.7927
 , 
 , 43 , 1417379663823 , 1.8272 , 185.2212
 , 
 , 43 , 1417379663858 , 27.1358 , 182.8957
 , 
 , 43 , 1417379663893 , 90.1285 , 219.4382
Whether , e , 46 , 1417379663928 , 348.7485 , 354.9441
and , n , 99 , 1417379663973 , 288.6426 , 330.8812
Slings ,   , 97 , 1417379664008 , 267.4679 , 346.9454
Slings , s , 96 , 1417379664042 , 283.2965 , 350.0985
Slings ,   , 97 , 1417379664077 , 344.9123 , 352.1972
and , n , 99 , 1417379664122 , 385.3167 , 358.6328
and , d , 100 , 1417379664159 , 550.852 , 383.3097
 , 
 , 132 , 1417379664194 , 532.6967 , 371.1755
Arrows , o , 105 , 1417379664228 , 522.3271 , 395.6887
 , 
 , 132 , 1417379664262 , 533.725 , 383.6532
 , 
 , 132 , 1417379664308 , 533.6855 , 397.3752
 , 
 , 132 , 1417379664342 , 529.7594 , 395.5436
 , 
 , 132 , 1417379664378 , 536.8115 , 394.9174
 , 
 , 132 , 1417379664414 , 555.7385 , 391.581
 , 
 , 132 , 1417379664448 , 568.4085 , 397.4001
 , 
 , 132 , 1417379664483 , 577.471 , 402.6804
 , 
 , 132 , 1417379664528 , 584.0477 , 404.3596
 , 
 , 132 , 1417379664562 , 593.0874 , 402.503
 , 
 , 132 , 1417379664597 , 599.914 , 404.0153
 , 
 , 132 , 1417379664631 , 821.2302 , 368.4523
outrageous , r , 115 , 1417379664677 , 940.2694 , 415.1061
 , 
 , 132 , 1417379664712 , 935.4149 , 386.6147
 , 
 , 132 , 1417379664746 , 936.6974 , 389.9503
 , 
 , 132 , 1417379664781 , 943.538 , 380.6271
 , 
 , 132 , 1417379664816 , 948.7521 , 376.8927
 , 
 , 132 , 1417379664861 , 948.6532 , 381.407
 , 
 , 132 , 1417379664896 , 945.6619 , 385.4212
 , 
 , 132 , 1417379664931 , 945.5641 , 389.9512
 , 
 , 132 , 1417379664965 , 945.3506 , 388.4752
 , 
 , 132 , 1417379664999 , 1218.7712 , 279.4388
 , 
 , 86 , 1417379665045 , 1162.1866 , 290.5582
 , 
 , 86 , 1417379665081 , 1172.2935 , 310.2546
Fortune , u , 127 , 1417379665116 , 1170.5712 , 299.6333
 , 
 , 86 , 1417379665150 , 1185.2964 , 301.3293
 , 
 , 86 , 1417379665196 , 1181.3196 , 303.9309
 , 
 , 86 , 1417379665231 , 1177.9596 , 299.1226
 , 
 , 86 , 1417379665265 , 1181.8439 , 303.1794
 , 
 , 86 , 1417379665299 , 1185.6902 , 303.673
 , 
 , 86 , 1417379665334 , 1187.6774 , 303.2769
 , 
 , 86 , 1417379665380 , 1199.4192 , 303.6372
 , 
 , 86 , 1417379665416 , 1391.5811 , 357.6378
 , 
 , 131 , 1417379665451 , 1436.8733 , 357.2188
 , 
 , 131 , 1417379665486 , 1410.1624 , 359.195
 , 
 , 131 , 1417379665521 , 1395.3883 , 350.2558
 , 
 , 131 , 1417379665555 , 1388.3433 , 344.6454
 , 
 , 131 , 1417379665602 , 1385.6255 , 346.1412
 , 
 , 131 , 1417379665637 , 1394.5179 , 350.7559
 , 
 , 131 , 1417379665786 , 1391.7131 , 351.0041
 , 
 , 131 , 1417379665822 , 1392.5194 , 350.1077
 , 
 , 131 , 1417379665856 , 1389.5281 , 352.2024
 , 
 , 131 , 1417379665890 , 1101.9723 , 310.1194
Fortune , o , 124 , 1417379665936 , 466.2313 , 360.2072
Arrows , r , 103 , 1417379665971 , 397.2989 , 369.9212
and ,   , 101 , 1417379666006 , 378.9702 , 356.6429
and , d , 100 , 1417379666041 , 349.556 , 355.8122
and , n , 99 , 1417379666076 , 321.4141 , 358.5179
and , a , 98 , 1417379666111 , 307.8884 , 324.0886
and , a , 98 , 1417379666157 , 262.4568 , 316.0681
Slings , s , 96 , 1417379666192 , 238.5179 , 352.1669
Slings , g , 95 , 1417379666226 , 228.4597 , 347.429
Slings , g , 95 , 1417379666261 , 295.0926 , 353.6849
Slings ,   , 97 , 1417379666307 , 339.4616 , 374.3684
 , 
 , 132 , 1417379666343 , 580.932 , 394.4725
 , 
 , 132 , 1417379666378 , 562.8432 , 422.0513
 , 
 , 132 , 1417379666412 , 564.7649 , 428.981
 , 
 , 132 , 1417379666447 , 559.0331 , 438.337
against , i , 152 , 1417379666482 , 555.801 , 439.2253
against , i , 152 , 1417379666527 , 555.8414 , 439.4912
against , i , 152 , 1417379666562 , 552.1876 , 442.1507
against , i , 152 , 1417379666597 , 552.067 , 439.1069
against , i , 152 , 1417379666632 , 551.0355 , 442.1188
against , i , 152 , 1417379666666 , 549.3027 , 439.421
against , i , 152 , 1417379666712 , 548.2252 , 437.4448
against , i , 152 , 1417379666746 , 548.5674 , 434.9949
against , i , 152 , 1417379666781 , 619.6349 , 652.7094
 , 
 , 224 , 1417379666817 , 623.2227 , 658.45
 , 
 , 224 , 1417379666851 , 613.1721 , 657.2967
 , 
 , 224 , 1417379666896 , 612.918 , 665.8397
 , 
 , 224 , 1417379666930 , 610.4463 , 673.4144
 , 
 , 224 , 1417379666966 , 628.7087 , 655.7862
 , 
 , 224 , 1417379667000 , 640.9513 , 661.9157
 , 
 , 224 , 1417379667046 , 651.9894 , 654.7302
 , 
 , 224 , 1417379667081 , 662.188 , 643.5239
 , 
 , 224 , 1417379667116 , 667.4518 , 637.9418
 , 
 , 224 , 1417379667151 , 671.4012 , 630.5733
 , 
 , 224 , 1417379667186 , 676.1292 , 624.4821
 , 
 , 224 , 1417379667232 , 683.2112 , 614.7725
them , e , 200 , 1417379667268 , 819.7757 , 463.2676
Sea , a , 161 , 1417379667303 , 836.3948 , 527.8019
 , 
 , 176 , 1417379667339 , 843.8406 , 476.6445
Sea ,   , 162 , 1417379667374 , 847.1745 , 463.4443
Sea ,   , 162 , 1417379667411 , 840.2114 , 473.6555
Sea ,   , 162 , 1417379667445 , 836.132 , 478.9692
Sea ,   , 162 , 1417379667479 , 834.8043 , 479.8615
Sea ,   , 162 , 1417379667524 , 831.2997 , 480.7843
Sea ,   , 162 , 1417379667559 , 835.2944 , 476.9485
Sea ,   , 162 , 1417379667595 , 1029.1592 , 508.378
 , 
 , 176 , 1417379667630 , 1005.9474 , 466.4484
troubles , u , 169 , 1417379667667 , 1017.1589 , 497.3271
 , 
 , 176 , 1417379667713 , 1013.3139 , 508.9812
 , 
 , 176 , 1417379667747 , 1012.4844 , 503.8339
 , 
 , 176 , 1417379667783 , 1010.1865 , 509.4946
 , 
 , 176 , 1417379667818 , 1012.8652 , 519.4281
 , 
 , 176 , 1417379667853 , 1006.8729 , 522.1649
 , 
 , 176 , 1417379667889 , 1005.0235 , 521.3313
 , 
 , 176 , 1417379667924 , 1002.353 , 525.6623
 , 
 , 176 , 1417379667971 , 1000.413 , 525.2402
 , 
 , 176 , 1417379668004 , 995.3488 , 532.8401
 , 
 , 176 , 1417379668039 , 993.7226 , 533.7332
 , 
 , 176 , 1417379668073 , 991.6785 , 532.9879
 , 
 , 176 , 1417379668118 , 989.5302 , 531.4833
 , 
 , 176 , 1417379668153 , 987.4923 , 529.2101
 , 
 , 176 , 1417379668189 , 986.3391 , 534.2292
 , 
 , 176 , 1417379668226 , 713.6102 , 648.9753
 , 
 , 224 , 1417379668262 , 486.1429 , 912.3788
 , 
 , 313 , 1417379668297 , 483.177 , 882.3162
 , 
 , 313 , 1417379668332 , 490.9549 , 876.1808
 , 
 , 313 , 1417379668376 , 490.3083 , 870.288
 , 
 , 313 , 1417379668411 , 485.6434 , 865.9501
and , n , 282 , 1417379668445 , 458.0728 , 742.8948
by ,   , 240 , 1417379668479 , 554.9644 , 604.5257
end , d , 196 , 1417379668525 , 548.383 , 606.6868
end , n , 195 , 1417379668561 , 552.6172 , 629.7211
 , 
 , 224 , 1417379668596 , 553.3514 , 634.8258
 , 
 , 224 , 1417379668631 , 555.5826 , 629.0795
 , 
 , 224 , 1417379668665 , 558.7087 , 626.6196
 , 
 , 224 , 1417379668710 , 557.8247 , 633.2858
 , 
 , 224 , 1417379668744 , 556.4453 , 629.0521
 , 
 , 224 , 1417379668780 , 556.1893 , 626.8989
 , 
 , 224 , 1417379668814 , 555.3119 , 633.9969
 , 
 , 224 , 1417379668858 , 554.4871 , 630.8932
 , 
 , 224 , 1417379668892 , 555.4531 , 624.2324
 , 
 , 224 , 1417379668928 , 552.4965 , 627.0891
 , 
 , 224 , 1417379668963 , 552.7961 , 629.2775
 , 
 , 224 , 1417379668998 , 552.4849 , 626.7217
 , 
 , 224 , 1417379669043 , 548.8783 , 637.8019
 , 
 , 224 , 1417379669078 , 543.7253 , 956.8115
to , ? , 335 , 1417379669113 , 518.5106 , 1102.9944
wished , h , 376 , 1417379669150 , 471.3573 , 1204.5317
perchance , n , 416 , 1417379669196 , 469.9073 , 1153.16
 , 
 , 399 , 1417379669222 , 469.4894 , 1118.8593
 , 
 , 399 , 1417379669257 , 466.834 , 1105.0013
wished , i , 374 , 1417379669302 , 496.6038 , 734.7886
a , a , 241 , 1417379669337 , 588.8622 , 710.8324
sleep , e , 245 , 1417379669373 , 573.4464 , 699.7385
sleep , e , 245 , 1417379669408 , 567.5095 , 710.5463
sleep , l , 244 , 1417379669443 , 571.1931 , 700.8322
sleep , e , 245 , 1417379669489 , 574.5737 , 702.7034
sleep , e , 245 , 1417379669524 , 571.9463 , 705.8357
sleep , e , 245 , 1417379669559 , 574.754 , 688.2618
sleep , e , 245 , 1417379669593 , 570.9939 , 687.8594
sleep , e , 245 , 1417379669627 , 569.1979 , 681.9181
 , 
 , 224 , 1417379669673 , 566.3511 , 682.2387
sleep , l , 244 , 1417379669708 , 566.8244 , 670.4379
 , 
 , 224 , 1417379669745 , 564.1465 , 671.9769
 , 
 , 224 , 1417379669781 , 562.7268 , 665.929
 , 
 , 224 , 1417379669813 , 560.27 , 664.3989
 , 
 , 224 , 1417379669857 , 558.4727 , 664.0408
 , 
 , 224 , 1417379669891 , 555.4461 , 661.5456
 , 
 , 224 , 1417379669925 , 555.2043 , 656.825
 , 
 , 224 , 1417379669959 , 554.3932 , 658.8453
 , 
 , 224 , 1417379670006 , 553.7156 , 658.4763
 , 
 , 224 , 1417379670040 , 552.9076 , 656.2744
 , 
 , 224 , 1417379670075 , 551.9874 , 656.1758
 , 
 , 224 , 1417379670110 , 551.0001 , 656.7829
 , 
 , 224 , 1417379670145 , 549.2915 , 656.1016
 , 
 , 224 , 1417379670190 , 548.7429 , 657.7627
 , 
 , 224 , 1417379670224 , 546.8181 , 657.6631
 , 
 , 224 , 1417379670258 , 546.398 , 664.2206
 , 
 , 224 , 1417379670294 , 604.6052 , 897.2854
 , 
 , 313 , 1417379670339 , 611.4421 , 790.0281
 , 
 , 264 , 1417379670374 , 607.2587 , 757.2679
 , 
 , 264 , 1417379670409 , 615.7912 , 733.5801
sleep , e , 246 , 1417379670444 , 620.3818 , 732.9357
sleep , e , 246 , 1417379670478 , 625.6026 , 718.1782
sleep , e , 246 , 1417379670523 , 639.959 , 694.4318
sleep , p , 247 , 1417379670559 , 634.9121 , 658.4559
 , 
 , 224 , 1417379670594 , 648.8065 , 661.2796
 , 
 , 224 , 1417379670629 , 638.7551 , 672.9976
 , 
 , 224 , 1417379670663 , 632.978 , 687.7901
sleep , p , 247 , 1417379670708 , 633.6341 , 686.1055
sleep , p , 247 , 1417379670744 , 634.2142 , 682.3713
sleep , p , 247 , 1417379670779 , 632.7283 , 685.9686
sleep , p , 247 , 1417379670816 , 631.3232 , 690.7246
sleep , p , 247 , 1417379670850 , 633.5783 , 687.2927
sleep , p , 247 , 1417379670885 , 633.1501 , 694.0471
sleep , p , 247 , 1417379670929 , 634.4223 , 692.5744
sleep , p , 247 , 1417379670964 , 629.6118 , 698.4915
sleep , p , 247 , 1417379670999 , 629.4364 , 701.9383
sleep , p , 247 , 1417379671035 , 626.9924 , 707.8823
sleep , e , 246 , 1417379671071 , 627.8977 , 708.7945
sleep , e , 246 , 1417379671116 , 626.8466 , 711.1435
sleep , e , 246 , 1417379671151 , 624.9418 , 710.9914
sleep , e , 246 , 1417379671196 , 623.0884 , 714.994
sleep , e , 246 , 1417379671220 , 622.5632 , 715.3405
sleep , e , 246 , 1417379671255 , 620.9315 , 880.7228
 , 
 , 313 , 1417379671300 , 598.4946 , 1186.4225
to , o , 421 , 1417379671335 , 573.5445 , 1436.8232
shuffled , l , 522 , 1417379671372 , 531.142 , 1765.8783
 , 
 , 627 , 1417379671407 , 500.2518 , 1971.0966
wrong , r , 695 , 1417379671443 , 492.2646 , 2032.7822
 , 
 , 728 , 1417379671479 , 408.6086 , 2460.2168
himself , e , 871 , 1417379671514 , 450.2639 , 2400.7681
 , 
 , 858 , 1417379671560 , 449.1146 , 2343.2927
merit , r , 831 , 1417379671594 , 446.9597 , 2314.0337
merit , r , 831 , 1417379671631 , 452.0503 , 2262.1924
 , 
 , 815 , 1417379671665 , 450.2247 , 2210.4111
of ,   , 791 , 1417379671700 , 491.6768 , 1946.6501
wrong , w , 694 , 1417379671744 , 454.0549 , 2125.3149
 , 
 , 774 , 1417379671779 , 461.1793 , 2118.2451
 , 
 , 774 , 1417379671815 , 474.803 , 2039.4287
 , 
 , 728 , 1417379671850 , 477.931 , 2018.1722
 , 
 , 728 , 1417379671883 , 483.343 , 1987.6891
 , 
 , 728 , 1417379671929 , 494.4656 , 1896.1268
 , 
 , 677 , 1417379671965 , 481.1306 , 1965.3949
wrong , w , 694 , 1417379672000 , 503.2251 , 1801.8484
bear , a , 644 , 1417379672036 , 480.9995 , 1938.9061
wrong , w , 694 , 1417379672072 , 483.5385 , 1966.9205
wrong , w , 694 , 1417379672108 , 489.0674 , 1947.1213
wrong , w , 694 , 1417379672152 , 469.6251 , 1977.0247
wrong , w , 694 , 1417379672186 , 450.134 , 2107.9094
despised , s , 744 , 1417379672222 , 450.5235 , 1962.8862
s ,   , 693 , 1417379672257 , 446.7473 , 1929.3623
s ,   , 693 , 1417379672292 , 454.2816 , 1872.9611
 , 
 , 677 , 1417379672338 , 461.4447 , 1830.6715
bear , e , 643 , 1417379672477 , 476.6732 , 1706.9803
Calamity , m , 605 , 1417379672524 , 482.6074 , 1714.5442
Calamity , m , 605 , 1417379672558 , 489.0262 , 1645.2465
 , 
 , 589 , 1417379672593 , 488.4305 , 1625.3844
 , 
 , 589 , 1417379672629 , 488.2608 , 1633.3273
 , 
 , 589 , 1417379672664 , 489.9002 , 1599.9146
pause , e , 566 , 1417379672700 , 488.2441 , 1595.7083
pause , s , 565 , 1417379672745 , 484.0631 , 1711.833
Calamity , m , 605 , 1417379672781 , 494.8219 , 1578.9073
pause , e , 566 , 1417379672816 , 499.6216 , 1509.7324
 , 
 , 548 , 1417379672851 , 496.8896 , 1509.7382
 , 
 , 548 , 1417379672886 , 496.1988 , 1514.3323
 , 
 , 548 , 1417379672922 , 490.7498 , 1529.8208
 , 
 , 548 , 1417379672958 , 506.6025 , 1573.7395
pause , e , 566 , 1417379673003 , 527.0292 , 1477.1506
shuffled , f , 520 , 1417379673038 , 514.7008 , 1474.9468
shuffled , f , 520 , 1417379673073 , 501.7005 , 1530.349
 , 
 , 548 , 1417379673108 , 501.4576 , 1569.8591
pause , e , 566 , 1417379673143 , 502.5518 , 1555.8979
pause , e , 566 , 1417379673189 , 500.7493 , 1557.043
pause , e , 566 , 1417379673224 , 496.6305 , 1546.9882
 , 
 , 548 , 1417379673259 , 528.8398 , 1407.1019
 , 
 , 503 , 1417379673295 , 502.7492 , 1429.616
shuffled , u , 519 , 1417379673329 , 500.1973 , 1474.2395
shuffled , u , 519 , 1417379673364 , 507.5785 , 1461.2719
shuffled , u , 519 , 1417379673410 , 502.8919 , 1454.3093
shuffled , u , 519 , 1417379673445 , 502.4686 , 1429.5829
shuffled , u , 519 , 1417379673479 , 440.8495 , 1692.0247
Calamity , a , 604 , 1417379673512 , 468.5362 , 1679.4658
Calamity , m , 605 , 1417379673556 , 476.0379 , 1548.3765
 , 
 , 548 , 1417379673592 , 477.3495 , 1465.3678
shuffled , u , 519 , 1417379673628 , 475.2445 , 1442.5872
shuffled , h , 518 , 1417379673663 , 469.8728 , 1467.5525
shuffled , h , 518 , 1417379673707 , 436.2522 , 1686.5018
Calamity , a , 604 , 1417379673741 , 459.4274 , 1584.5535
pause , s , 565 , 1417379673776 , 463.9594 , 1614.6619
 , 
 , 589 , 1417379673811 , 448.6407 , 1607.1106
pause , u , 564 , 1417379673846 , 459.2527 , 1574.8939
pause , s , 565 , 1417379673892 , 461.7644 , 1571.5659
pause , s , 565 , 1417379673928 , 462.8633 , 1548.7426
 , 
 , 548 , 1417379673962 , 460.4437 , 1542.2816
 , 
 , 548 , 1417379673997 , 462.8903 , 1543.7319
 , 
 , 548 , 1417379674032 , 464.5192 , 1529.0077
 , 
 , 548 , 1417379674067 , 466.0018 , 1531.8337
 , 
 , 548 , 1417379674112 , 500.6388 , 1064.8616
wished , s , 375 , 1417379674148 , 586.1131 , 394.4824
 , 
 , 132 , 1417379674183 , 582.5149 , 392.9077
 , 
 , 132 , 1417379674218 , 575.3744 , 393.4526
 , 
 , 132 , 1417379674264 , 579.8961 , 383.6586
 , 
 , 132 , 1417379674299 , 585.4371 , 379.7667
 , 
 , 132 , 1417379674333 , 603.9479 , 360.2105
Arrows , s , 107 , 1417379674368 , 620.2483 , 384.673
 , 
 , 132 , 1417379674403 , 603.3304 , 382.1036
 , 
 , 132 , 1417379674447 , 599.3786 , 321.0883
Arrows , s , 107 , 1417379674481 , 603.8417 , 290.2323
 , 
 , 86 , 1417379674519 , 602.2192 , 278.9493
 , 
 , 86 , 1417379674554 , 601.3865 , 264.905
 , 
 , 86 , 1417379674589 , 602.9744 , 252.7581
 , 
 , 86 , 1417379674624 , 602.8041 , 241.9063
in ,   , 66 , 1417379674661 , 713.9771 , 74.8275
the , h , 30 , 1417379674708 , 725.7967 , 85.5652
the , h , 30 , 1417379674744 , 713.1223 , 85.1823
the , h , 30 , 1417379674781 , 711.2144 , 83.8808
the , h , 30 , 1417379674815 , 712.7375 , 78.7564
the , h , 30 , 1417379674851 , 706.5804 , 84.0109
the , h , 30 , 1417379674885 , 705.8422 , 82.346
the , h , 30 , 1417379674922 , 706.3143 , 84.4616
the , h , 30 , 1417379674957 , 707.1616 , 83.8772
the , h , 30 , 1417379675001 , 708.6181 , 85.2276
the , h , 30 , 1417379675038 , 705.4775 , 87.0854
the , h , 30 , 1417379675073 , 706.2553 , 86.9282
the , h , 30 , 1417379675107 , 709.8585 , 86.465
the , h , 30 , 1417379675143 , 710.5046 , 87.3528
the , h , 30 , 1417379675178 , 715.485 , 87.2952
the , h , 30 , 1417379675222 , 725.6155 , 86.3963
the , h , 30 , 1417379675256 , 734.4385 , 84.7732
the , e , 31 , 1417379675290 , 742.6779 , 83.8464
the , e , 31 , 1417379675326 , 740.467 , 84.8834
the , e , 31 , 1417379675372 , 263.5909 , 101.4816
not , n , 12 , 1417379675407 , 314.4248 , 105.9062
not , o , 13 , 1417379675442 , 297.9627 , 104.5245
not , o , 13 , 1417379675478 , 304.6298 , 106.4938
not , o , 13 , 1417379675513 , 304.2133 , 104.9323
not , o , 13 , 1417379675558 , 291.3612 , 100.2621
not , o , 13 , 1417379675594 , 275.6241 , 94.7294
not , n , 12 , 1417379675629 , 266.3947 , 88.5205
not , n , 12 , 1417379675664 , 250.9906 , 86.0324
or ,   , 11 , 1417379675699 , 240.5179 , 83.7711
or ,   , 11 , 1417379675742 , 233.7698 , 80.3392
or , r , 10 , 1417379675777 , 229.2397 , 78.7594
or , r , 10 , 1417379675813 , 225.6527 , 77.8121
or , r , 10 , 1417379675848 , 228.2959 , 77.9957
or , r , 10 , 1417379675883 , 227.5466 , 78.2067
or , r , 10 , 1417379675929 , 222.2805 , 77.9753
or , r , 10 , 1417379675963 , 220.1212 , 77.3592
or , r , 10 , 1417379675999 , 217.1357 , 78.0112
or , r , 10 , 1417379676034 , 212.0844 , 77.7069
or , r , 10 , 1417379676070 , 210.9398 , 77.9003
or , r , 10 , 1417379676108 , 384.3663 , 133.3394
 , 
 , 43 , 1417379676143 , 388.1114 , 132.6953
 , 
 , 43 , 1417379676179 , 372.269 , 122.9401
to , t , 16 , 1417379676224 , 377.4291 , 115.3002
to , t , 16 , 1417379676260 , 368.8195 , 113.9018
to , t , 16 , 1417379676295 , 365.3667 , 115.2628
not ,   , 15 , 1417379676330 , 367.0735 , 115.5843
to , t , 16 , 1417379676366 , 362.3762 , 115.4508
not ,   , 15 , 1417379676403 , 382.8502 , 118.8722
to , t , 16 , 1417379676438 , 396.9763 , 119.7752
to , o , 17 , 1417379676485 , 410.0342 , 121.2167
to , o , 17 , 1417379676520 , 416.6928 , 122.6839
to ,   , 18 , 1417379676555 , 425.8517 , 123.4206
to ,   , 18 , 1417379676590 , 435.8341 , 122.1968
to ,   , 18 , 1417379676625 , 442.4745 , 123.1898
be , b , 19 , 1417379676661 , 448.4591 , 123.8145
be , b , 19 , 1417379676707 , 453.8383 , 124.0436
 , 
 , 43 , 1417379676743 , 464.3827 , 124.9247
 , 
 , 43 , 1417379676779 , 474.3384 , 125.8024
 , 
 , 43 , 1417379676814 , 482.0704 , 126.4462
 , 
 , 43 , 1417379676850 , 620.8964 , 109.0838
is , i , 26 , 1417379676885 , 590.3168 , 97.0928
to , o , 24 , 1417379676921 , 554.6938 , 118.4855
to , t , 23 , 1417379676956 , 555.3596 , 129.9113
 , 
 , 43 , 1417379677001 , 553.0139 , 141.2354
 , 
 , 43 , 1417379677036 , 556.7703 , 143.5671
 , 
 , 43 , 1417379677070 , 579.6836 , 137.4041
 , 
 , 43 , 1417379677105 , 600.519 , 131.6672
 , 
 , 43 , 1417379677140 , 612.3987 , 128.0506
 , 
 , 43 , 1417379677186 , 621.5099 , 123.8524
is , i , 26 , 1417379677222 , 630.9706 , 122.2695
is , i , 26 , 1417379677258 , 640.8306 , 120.4908
is , s , 27 , 1417379677292 , 833.2678 , 50.8288
 , 
 , 0 , 1417379677329 , 839.6552 , 49.9804
 , 
 , 0 , 1417379677365 , 852.1166 , 37.5185
 , 
 , 0 , 1417379677400 , 848.9406 , 38.6454
 , 
 , 0 , 1417379677445 , 849.6335 , 42.1423
 , 
 , 0 , 1417379677480 , 846.7197 , 42.4899
 , 
 , 0 , 1417379677515 , 842.9478 , 45.5584
 , 
 , 0 , 1417379677550 , 464.0853 , 719.0699
by ,   , 240 , 1417379677585 , 463.7784 , 770.6583
 , 
 , 264 , 1417379677631 , 467.1885 , 797.7448
 , 
 , 264 , 1417379677668 , 468.7158 , 818.5427
and , a , 281 , 1417379677703 , 454.0712 , 828.3001
 ,   , 280 , 1417379677739 , 448.518 , 844.5002
 ,   , 280 , 1417379677774 , 442.8184 , 864.7985
 ,   , 280 , 1417379677809 , 443.0408 , 864.7079
 ,   , 280 , 1417379677845 , 443.8618 , 869.6214
 , 
 , 313 , 1417379677881 , 447.0349 , 875.022
 , 
 , 313 , 1417379677916 , 450.5242 , 959.046
heir , i , 330 , 1417379677961 , 459.2602 , 1006.0195
 , 
 , 357 , 1417379677996 , 442.3339 , 1042.0059
 , 
 , 357 , 1417379678031 , 443.44 , 1014.5935
 , 
 , 357 , 1417379678066 , 437.6832 , 989.0621
heir , i , 330 , 1417379678101 , 437.4926 , 998.8203
 , 
 , 357 , 1417379678146 , 440.1778 , 998.275
 , 
 , 357 , 1417379678181 , 446.6169 , 990.5099
heir , i , 330 , 1417379678216 , 446.4212 , 980.7242
heir , i , 330 , 1417379678252 , 444.8746 , 975.5266
heir , i , 330 , 1417379678288 , 443.8885 , 974.2363
heir , i , 330 , 1417379678324 , 438.0804 , 987.726
heir , i , 330 , 1417379678368 , 426.5812 , 766.6374
 , 
 , 264 , 1417379678403 , 486.3008 , 809.3159
and , n , 282 , 1417379678438 , 475.9987 , 782.6414
 , 
 , 264 , 1417379678482 , 458.6425 , 793.759
 , 
 , 264 , 1417379678517 , 453.7683 , 791.7667
 , 
 , 264 , 1417379678552 , 453.9363 , 794.9972
 , 
 , 264 , 1417379678588 , 455.415 , 795.7127
 , 
 , 264 , 1417379678625 , 456.2901 , 787.1275
 , 
 , 264 , 1417379678659 , 453.7919 , 788.175
 , 
 , 264 , 1417379678695 , 453.1848 , 793.7469
 , 
 , 264 , 1417379678740 , 454.0145 , 787.8416
 , 
 , 264 , 1417379678775 , 454.6913 , 786.3008
 , 
 , 264 , 1417379678809 , 451.624 , 785.6558
 , 
 , 264 , 1417379678844 , 448.9309 , 785.6644
 , 
 , 264 , 1417379678890 , 447.6817 , 784.1051
 , 
 , 264 , 1417379678924 , 444.3243 , 785.3826
 , 
 , 264 , 1417379678960 , 444.733 , 784.9205
 , 
 , 264 , 1417379678995 , 444.3401 , 787.1976
 , 
 , 264 , 1417379679029 , 444.7112 , 786.8992
 , 
 , 264 , 1417379679074 , 442.0911 , 788.6937
 , 
 , 264 , 1417379679109 , 443.995 , 788.624
 , 
 , 264 , 1417379679144 , 460.5745 , 317.3616
Arrows , r , 103 , 1417379679180 , 574.8826 , 225.9747
in , i , 64 , 1417379679216 , 559.5858 , 247.4243
in , i , 64 , 1417379679252 , 569.052 , 239.8657
in , i , 64 , 1417379679286 , 574.9464 , 245.8314
in , i , 64 , 1417379679332 , 578.4591 , 246.621
in , n , 65 , 1417379679367 , 578.3755 , 245.6
in , n , 65 , 1417379679402 , 580.4764 , 250.2288
 , 
 , 86 , 1417379679438 , 578.3278 , 250.8299
 , 
 , 86 , 1417379679473 , 578.4438 , 250.0532
 , 
 , 86 , 1417379679518 , 770.0155 , 300.9381
 , 
 , 86 , 1417379679554 , 827.1338 , 360.4905
outrageous , a , 116 , 1417379679589 , 821.3873 , 355.5973
outrageous , r , 115 , 1417379679625 , 836.3853 , 343.1617
outrageous , a , 116 , 1417379679659 , 843.7084 , 326.3057
outrageous , a , 116 , 1417379679693 , 842.79 , 327.1958
outrageous , a , 116 , 1417379679739 , 845.4092 , 327.1451
outrageous , a , 116 , 1417379679775 , 844.57 , 336.707
outrageous , a , 116 , 1417379679810 , 846.0168 , 335.1922
outrageous , a , 116 , 1417379679846 , 847.4205 , 335.4944
outrageous , a , 116 , 1417379679881 , 848.4734 , 335.0935
outrageous , a , 116 , 1417379679917 , 851.3112 , 331.8925
outrageous , a , 116 , 1417379679953 , 851.3322 , 334.1582
outrageous , a , 116 , 1417379679998 , 849.5649 , 334.2783
outrageous , a , 116 , 1417379680034 , 551.9478 , 776.7672
 , 
 , 264 , 1417379680071 , 499.0946 , 959.28
to , t , 333 , 1417379680107 , 503.9812 , 952.5957
to , t , 333 , 1417379680143 , 497.987 , 935.1759
to , t , 333 , 1417379680178 , 502.1985 , 939.4822
to , t , 333 , 1417379680212 , 504.0159 , 931.3577
to , t , 333 , 1417379680258 , 479.0008 , 992.5417
 , 
 , 357 , 1417379680294 , 479.3232 , 1014.8701
 , 
 , 357 , 1417379680330 , 460.975 , 948.4525
heir , r , 331 , 1417379680364 , 456.1531 , 919.8274
 , 
 , 313 , 1417379680399 , 457.881 , 913.3498
 , 
 , 313 , 1417379680434 , 454.7188 , 923.6712
 , 
 , 313 , 1417379680480 , 458.0207 , 925.8866
 , 
 , 313 , 1417379680515 , 458.3741 , 935.4866
heir , r , 331 , 1417379680548 , 453.9883 , 938.9993
heir , r , 331 , 1417379680582 , 457.6107 , 945.9503
heir , r , 331 , 1417379680629 , 459.3555 , 943.3149
heir , r , 331 , 1417379680665 , 458.6978 , 935.2667
heir , r , 331 , 1417379680700 , 457.1951 , 942.9818
heir , r , 331 , 1417379680735 , 456.3054 , 943.1342
heir , r , 331 , 1417379680770 , 456.696 , 941.6847
heir , r , 331 , 1417379680805 , 457.7351 , 938.6928
heir , r , 331 , 1417379680850 , 458.3568 , 940.0292
heir , r , 331 , 1417379680885 , 442.8787 , 1170.0844
 , 
 , 399 , 1417379680920 , 452.6684 , 1156.1539
 , 
 , 399 , 1417379680955 , 445.0865 , 1144.255
 , 
 , 399 , 1417379680991 , 444.5009 , 1144.7371
 , 
 , 399 , 1417379681027 , 452.5182 , 1111.3828
wished , i , 374 , 1417379681073 , 450.2547 , 1109.6527
wished , w , 373 , 1417379681107 , 447.239 , 1111.5259
wished , w , 373 , 1417379681142 , 442.5785 , 1118.6746
 , 
 , 399 , 1417379681177 , 438.4638 , 1109.1622
wished , w , 373 , 1417379681222 , 444.1313 , 1106.8033
wished , w , 373 , 1417379681256 , 444.9197 , 1113.1378
wished , w , 373 , 1417379681292 , 444.6195 , 1119.3906
 , 
 , 399 , 1417379681329 , 444.1461 , 1119.2401
 , 
 , 399 , 1417379681363 , 442.2056 , 1118.1068
 , 
 , 399 , 1417379681408 , 441.3679 , 1131.017
 , 
 , 399 , 1417379681444 , 440.4613 , 1136.7122
 , 
 , 399 , 1417379681480 , 441.6439 , 1138.4731
 , 
 , 399 , 1417379681517 , 444.2709 , 1141.8164
 , 
 , 399 , 1417379681553 , 445.8814 , 1139.8517
 , 
 , 399 , 1417379681590 , 445.6259 , 1137.2332
 , 
 , 399 , 1417379681626 , 444.6065 , 1139.4846
 , 
 , 399 , 1417379681661 , 445.937 , 1140.0099
 , 
 , 399 , 1417379681696 , 447.8985 , 1138.722
 , 
 , 399 , 1417379681732 , 483.134 , 1018.9509
 , 
 , 357 , 1417379681767 , 460.5172 , 954.5391
heir , r , 331 , 1417379681812 , 478.0966 , 990.6884
heir ,   , 332 , 1417379681847 , 474.1921 , 992.063
 , 
 , 357 , 1417379681882 , 466.6079 , 1002.5432
 , 
 , 357 , 1417379681918 , 470.455 , 998.4581
 , 
 , 357 , 1417379681952 , 464.454 , 996.9208
 , 
 , 357 , 1417379681999 , 462.3688 , 999.3738
 , 
 , 357 , 1417379682033 , 467.4251 , 995.214
 , 
 , 357 , 1417379682069 , 467.5338 , 991.5593
heir , r , 331 , 1417379682103 , 467.097 , 992.4677
 , 
 , 357 , 1417379682138 , 466.9238 , 1003.9164
 , 
 , 357 , 1417379682183 , 442.79 , 1196.4961
perchance , a , 415 , 1417379682218 , 462.7143 , 1005.6304
 , 
 , 357 , 1417379682254 , 473.286 , 1071.4033
wished , i , 374 , 1417379682290 , 470.6542 , 1047.9575
 , 
 , 357 , 1417379682327 , 470.7841 , 1065.7526
wished , i , 374 , 1417379682363 , 466.4792 , 1071.4193
wished , i , 374 , 1417379682397 , 459.3573 , 1090.269
wished , i , 374 , 1417379682442 , 456.4474 , 1094.9706
wished , i , 374 , 1417379682478 , 454.5247 , 1107.1505
wished , i , 374 , 1417379682514 , 453.0422 , 1123.0673
 , 
 , 399 , 1417379682548 , 451.2362 , 1140.3767
 , 
 , 399 , 1417379682583 , 453.0495 , 1281.4053
 , 
 , 452 , 1417379682618 , 467.0662 , 1180.7845
perchance , n , 416 , 1417379682664 , 469.9321 , 1240.2185
 , 
 , 452 , 1417379682700 , 474.8119 , 1214.1957
perchance , n , 416 , 1417379682735 , 471.7929 , 1234.9342
perchance , n , 416 , 1417379682769 , 470.6511 , 1209.1523
perchance , n , 416 , 1417379682804 , 468.2072 , 1206.3224
perchance , n , 416 , 1417379682849 , 468.6998 , 1197.9683
perchance , n , 416 , 1417379682884 , 467.4784 , 1195.9985
perchance , n , 416 , 1417379682920 , 462.0688 , 1198.955
perchance , n , 416 , 1417379682955 , 460.5631 , 1199.2266
perchance , n , 416 , 1417379682988 , 458.7365 , 1192.4264
perchance , n , 416 , 1417379683034 , 462.0725 , 1179.7944
perchance , n , 416 , 1417379683070 , 460.6227 , 1182.4307
perchance , n , 416 , 1417379683105 , 400.9487 , 1330.4932
sleep , e , 468 , 1417379683141 , 446.4431 , 1187.1909
perchance , n , 416 , 1417379683176 , 440.6785 , 1225.3914
perchance , a , 415 , 1417379683211 , 448.1251 , 1198.4248
perchance , n , 416 , 1417379683257 , 446.4213 , 1184.1508
perchance , n , 416 , 1417379683292 , 445.7402 , 1150.6088
 , 
 , 399 , 1417379683328 , 400.047 , 1238.1213
perchance , h , 414 , 1417379683362 , 426.9281 , 1119.7659
 , 
 , 399 , 1417379683397 , 441.2092 , 1126.2764
 , 
 , 399 , 1417379683433 , 441.4305 , 1101.6464
wished , w , 373 , 1417379683478 , 431.479 , 1121.7166
 , 
 , 399 , 1417379683512 , 431.6386 , 1111.9884
wished , w , 373 , 1417379683549 , 428.8235 , 1105.5702
wished , w , 373 , 1417379683585 , 430.8948 , 1108.5468
wished , w , 373 , 1417379683619 , 432.8035 , 1098.6923
wished , w , 373 , 1417379683654 , 433.8586 , 1104.022
wished , w , 373 , 1417379683699 , 432.4768 , 1106.5732
wished , w , 373 , 1417379683735 , 432.5614 , 1096.9065
wished , w , 373 , 1417379683770 , 429.054 , 1101.262
wished , w , 373 , 1417379683806 , 428.9702 , 1100.8218
wished , w , 373 , 1417379683841 , 430.4202 , 1096.1575
wished , w , 373 , 1417379683875 , 430.6105 , 1091.4109
wished , w , 373 , 1417379683920 , 428.8724 , 1097.1963
wished , w , 373 , 1417379683955 , 430.1425 , 1096.0642
wished , w , 373 , 1417379683990 , 428.8578 , 1094.9396
wished , w , 373 , 1417379684026 , 428.0454 , 1098.2887
wished , w , 373 , 1417379684060 , 430.0987 , 1096.5392
wished , w , 373 , 1417379684105 , 429.6411 , 1100.2141
wished , w , 373 , 1417379684140 , 432.1285 , 1094.2997
wished , w , 373 , 1417379684175 , 433.7265 , 1096.1176
wished , w , 373 , 1417379684211 , 435.9911 , 1098.7109
wished , w , 373 , 1417379684247 , 435.5263 , 1094.9081
wished , w , 373 , 1417379684293 , 500.7012 , 372.4975
 , 
 , 132 , 1417379684328 , 534.645 , 162.3669
 , 
 , 43 , 1417379684363 , 534.4325 , 184.1461
 , 
 , 43 , 1417379684400 , 536.7467 , 190.689
Nobler , r , 62 , 1417379684436 , 545.3669 , 192.9683
Nobler ,   , 63 , 1417379684471 , 545.0283 , 190.0257
Nobler ,   , 63 , 1417379684506 , 508.9499 , 143.4883
 , 
 , 43 , 1417379684551 , 0.0 , 0.0
 , 
 , 0 , 1417379684587 , 0.0 , 0.0
 , 
 , 0 , 1417379684623 , 0.0 , 0.0
 , 
 , 0 , 1417379684659 , 0.0 , 0.0
 , 
 , 0 , 1417379684694 , 0.0 , 0.0
 , 
 , 0 , 1417379684729 , 0.0 , 0.0
 , 
 , 0 , 1417379684764 , 0.0 , 0.0
 , 
 , 0 , 1417379684809 , 0.0 , 0.0
 , 
 , 0 , 1417379684844 , 0.0 , 0.0
 , 
 , 0 , 1417379684879 , 0.0 , 0.0
 , 
 , 0 , 1417379684915 , 728.8772 , 361.0103
outrageous , o , 112 , 1417379684950 , 730.0033 , 365.2316
outrageous , o , 112 , 1417379684994 , 717.8065 , 385.8999
 , 
 , 132 , 1417379685028 , 719.3227 , 389.4571
 , 
 , 132 , 1417379685062 , 705.288 , 460.4312
a ,   , 158 , 1417379685097 , 637.3997 , 697.6495
sleep , p , 247 , 1417379685142 , 655.2675 , 698.1991
sleep , p , 247 , 1417379685177 , 636.363 , 723.5415
sleep , p , 247 , 1417379685212 , 723.9513 , 659.4966
 , 
 , 224 , 1417379685246 , 859.5312 , 631.9944
 , 
 , 224 , 1417379685281 , 947.8302 , 609.3657
die , e , 209 , 1417379685327 , 1236.6145 , 553.6312
 , 
 , 176 , 1417379685363 , 1260.7222 , 555.7363
 , 
 , 176 , 1417379685398 , 1258.7765 , 566.2413
sleep , e , 220 , 1417379685433 , 1235.1473 , 544.2819
 , 
 , 176 , 1417379685468 , 1218.2673 , 531.9294
 , 
 , 176 , 1417379685504 , 1222.5872 , 518.2219
 , 
 , 176 , 1417379685549 , 1230.4507 , 508.7142
 , 
 , 176 , 1417379685583 , 1231.8754 , 498.6073
 , 
 , 176 , 1417379685618 , 1230.8671 , 494.7732
 , 
 , 175 , 1417379685654 , 1226.738 , 489.2951
 , 
 , 175 , 1417379685699 , 1229.048 , 485.6022
 , 
 , 175 , 1417379685735 , 1225.3318 , 482.7401
 , 
 , 175 , 1417379685770 , 1224.9326 , 481.6758
 , 
 , 175 , 1417379685805 , 1229.1182 , 480.515
 , 
 , 175 , 1417379685839 , 1229.0189 , 474.8291
 , 
 , 175 , 1417379685875 , 1228.5583 , 472.5182
 , 
 , 175 , 1417379685920 , 1225.0144 , 469.589
 , 
 , 175 , 1417379685956 , 1226.8171 , 470.0029
 , 
 , 175 , 1417379685992 , 589.6421 , 856.6887
the , t , 285 , 1417379686027 , 408.2782 , 1159.2566
 , 
 , 399 , 1417379686062 , 396.7184 , 1176.5594
 , 
 , 399 , 1417379686108 , 404.3528 , 1165.8452
 , 
 , 399 , 1417379686143 , 404.0191 , 1132.8088
 , 
 , 399 , 1417379686178 , 403.8703 , 1134.2258
 , 
 , 399 , 1417379686213 , 445.3764 , 1070.0338
wished , w , 373 , 1417379686247 , 451.9124 , 1140.9091
 , 
 , 399 , 1417379686282 , 435.7275 , 1175.1337
 , 
 , 399 , 1417379686328 , 441.6801 , 1173.691
 , 
 , 399 , 1417379686363 , 441.713 , 1156.572
 , 
 , 399 , 1417379686398 , 440.3861 , 1159.6727
 , 
 , 399 , 1417379686433 , 440.7497 , 1166.7312
 , 
 , 399 , 1417379686466 , 430.4541 , 941.9741
heir , i , 330 , 1417379686511 , 414.742 , 1120.7577
 , 
 , 399 , 1417379686547 , 438.4858 , 1011.444
 , 
 , 357 , 1417379686582 , 437.3674 , 1047.5009
 , 
 , 357 , 1417379686617 , 440.7674 , 1035.3982
 , 
 , 357 , 1417379686651 , 448.7922 , 1024.4188
 , 
 , 357 , 1417379686697 , 641.0803 , 868.6773
 , 
 , 313 , 1417379686733 , 1056.7971 , 509.7202
 , 
 , 176 , 1417379686768 , 1104.6019 , 495.3699
troubles , e , 172 , 1417379686803 , 1118.675 , 469.1731
troubles , s , 173 , 1417379686838 , 1128.5297 , 469.9878
troubles , s , 173 , 1417379686885 , 1128.9176 , 475.5262
troubles , s , 173 , 1417379686919 , 1210.7823 , 507.2715
 , 
 , 176 , 1417379686954 , 1237.7802 , 462.15
 , 
 , 175 , 1417379686990 , 1235.3785 , 462.4156
 , 
 , 175 , 1417379687025 , 1229.9354 , 471.741
 , 
 , 175 , 1417379687061 , 1226.3154 , 476.0412
 , 
 , 175 , 1417379687095 , 1228.4094 , 475.7957
 , 
 , 175 , 1417379687140 , 1234.09 , 467.8331
 , 
 , 175 , 1417379687175 , 1226.942 , 465.3757
 , 
 , 175 , 1417379687209 , 1219.8279 , 468.3411
 , 
 , 175 , 1417379687243 , 1219.396 , 469.3471
 , 
 , 175 , 1417379687288 , 1218.1406 , 470.053
 , 
 , 175 , 1417379687323 , 1214.9105 , 468.9877
 , 
 , 175 , 1417379687358 , 1214.8306 , 468.5334
 , 
 , 175 , 1417379687392 , 1211.8917 , 471.4824
 , 
 , 175 , 1417379687437 , 1209.2515 , 473.2939
 , 
 , 175 , 1417379687472 , 1213.4825 , 472.8112
 , 
 , 175 , 1417379687509 , 1211.4297 , 473.8136
 , 
 , 175 , 1417379687543 , 1212.3348 , 473.6643
 , 
 , 175 , 1417379687579 , 1214.5471 , 473.6618
 , 
 , 175 , 1417379687625 , 1216.9878 , 472.4853
 , 
 , 175 , 1417379687765 , 1218.9619 , 472.5025
 , 
 , 175 , 1417379687800 , 1223.3274 , 471.2314
 , 
 , 175 , 1417379687845 , 1223.3203 , 471.3573
 , 
 , 175 , 1417379687879 , 1222.2632 , 472.5241
 , 
 , 175 , 1417379687915 , 1221.9491 , 473.6906
 , 
 , 175 , 1417379687950 , 1222.5435 , 471.6747
